"tau.c" <- 1
"alpha.c" <- 100
"tau.beta" <- 1
"alpha" <- structure(c(250, 250, 250, 250, 250, 250, 250, 250, 250, 250, 250, 250, 250, 250, 250, 250, 250, 250, 250, 250, 250, 250, 250, 250, 250, 250, 250, 250, 250, 250), .Dim=c(30))
"beta.c" <- 2
"tau.alpha" <- 1
"beta" <- structure(c(6, 6, 6, 6, 6, 6, 6, 6, 6, 6, 6, 6, 6, 6, 6, 6, 6, 6, 6, 6, 6, 6, 6, 6, 6, 6, 6, 6, 6, 6), .Dim=c(30))
