"tau.c" <- 1
"alpha.c" <- 250
"tau.beta" <- 1
"alpha" <- structure(c(150, 150, 150, 150, 150, 150, 150, 150, 150, 150, 150, 150, 150, 150, 150, 150, 150, 150, 150, 150, 150, 150, 150, 150, 150, 150, 150, 150, 150, 150), .Dim=c(30))
"beta.c" <- 1
"tau.alpha" <- 1
"beta" <- structure(c(3, 3, 3, 3, 3, 3, 3, 3, 3, 3, 3, 3, 3, 3, 3, 3, 3, 3, 3, 3, 3, 3, 3, 3, 3, 3, 3, 3, 3, 3), .Dim=c(30))
