"tau.c" <- 1
"alpha.c" <- 200
"tau.beta" <- 1
"alpha" <- structure(c(200, 200, 200, 200, 200, 200, 200, 200, 200, 200, 200, 200, 200, 200, 200, 200, 200, 200, 200, 200, 200, 200, 200, 200, 200, 200, 200, 200, 200, 200), .Dim=c(30))
"beta.c" <- 1
"tau.alpha" <- 1
"beta" <- structure(c(6, 6, 6, 6, 6, 6, 6, 6, 6, 6, 6, 6, 6, 6, 6, 6, 6, 6, 6, 6, 6, 6, 6, 6, 6, 6, 6, 6, 6, 6), .Dim=c(30))
